
0000000000
0000000000
0000000000
0000000000
0000000000
0000000000
0000000000
0000000000
0000000000
0000000000

1000000000
0000100000
0000000000
0000000000
0000000000
0000000000
0000000000
0000000000
0000000000
0000000000

1100000000
0000100000
0000000000
0000000000
0000100000
0000010000
0000000000
0000000000
0000000000
0000000000

1110000000
0000100000
0000000000
0000000000
0000100000
0000010000
0000001000
0000000000
0000000000
0000000000

1111000000
0000100000
0000000000
0000000000
0000100000
0000010000
0000001000
0000000000
0000000000
0000000000

1111100000
0000100000
0000000000
0000000000
0000100000
0000010000
0000001000
0000000000
0000000000
0000000000

1111110000
0000100000
0000000000
0000000000
0000100000
0010010000
0010001000
0100000000
0000000000
0000000000

1111111000
0000100000
0000000000
0000000000
0000100000
0010010000
0010001000
0100000000
0000000000
0000000000

1111111100
0000000000
0000000000
0000000000
0000100000
0010010000
0010001000
0100000000
0000000000
0000000000

1111111110
0000000000
0000000000
0000000000
0000100001
0011010000
0010001000
0100000000
0000000000
0000000000

1111111111
0000000000
0000000000
0000000000
0000100001
0011010000
0010001000
0100000001
0000010000
0000000000

1111111111
1000000000
0000000000
0000000000
0000100001
0011010000
0010001000
0100000001
0000010000
0000000000

1111111111
1100000000
0000000000
0000000000
0000100101
0011010000
0010001000
0100000001
0000010000
0000000000

1111111111
1110000000
0000000000
0000000000
0000100101
0011010100
0010001000
0100000001
0000010000
0000000000

1111111111
1111000000
0000000000
0000000000
0000100101
0011010100
0010001000
0100000001
0000010000
1000000000

1111111111
1111000000
0000000000
0000000000
0000100101
0011010100
0010001000
0100000001
0000010000
1000000000

1111111111
1111010000
0000000000
0000000000
0000100101
0011010100
0010001000
0100000001
0000010000
1000000000

1111111111
1111011000
0000000000
0000000000
0000100101
0011010100
0010001000
0100000001
0000010000
1100000000

1111011111
1101011100
0000000000
0000000000
0000100101
0011010100
0010001000
0100000001
0000010000
1100000000

1111011111
1101011110
0000000000
0000000000
0000100101
0011010110
0010001000
0100000001
0000010000
1100000000

1111011111
1101011111
0000000000
0000000000
0000100101
0011010110
0011001000
0100000001
0000011000
1100000000

1111011111
1101011111
1000000000
0000000000
0000100101
0011010110
0011001000
0100000001
0000011000
1100000000

1111011111
1101011111
1100010000
0000000000
0000000101
0011010110
0011001000
0100000001
0000011000
1100000000

1111011111
1101011111
1110010000
0000000000
0000000100
0011010110
0011011000
0100000001
0000011000
1100000000

1111011111
1101011111
1111010000
0000000000
0000000100
0011010110
0011011000
0100000001
0000111000
1100000000

1111011111
1101001011
0111110000
0000000000
0000000100
0011010110
0011011000
0100000001
0000111000
1100000000

1111011111
1101001011
0111111000
0000000000
0000000100
1011010010
0011011000
0100000001
0000111000
1100000000

1111011111
1101001011
0111111110
0000000000
0000000100
1011010010
0011011000
0000010001
0000111000
1100001000

1111001111
1101001101
0111111111
0000000000
0000000100
1011010010
0011011000
0000010001
0000111000
1100001000

1111001111
1101001101
0111111111
1000000000
0000000100
1001010000
0011011000
0000010001
0000111000
1100001000

1111001111
1101001101
0111111111
1000000000
0000000100
1001010000
0011011000
0000010101
0000111000
1100001000

1111001111
1101001101
0111111111
1110000000
0000000100
1001010000
0011011000
0000010101
0000111000
1100001000

1111001111
1101001101
0101111111
1111000000
0000000100
1001010000
0011011000
0000010101
0000111000
1100001000

1111001111
1101001101
0101111111
1111100000
0000000100
1001010000
0011011000
0000010101
0000111000
1100001000

1110001111
1101001101
0101111111
1111110000
0000000100
1001010000
0011011000
0000010101
0000111000
1100001000

1110001111
1101001101
0101111100
1111111000
0000000100
1001010000
0011011000
0000010101
0000111000
1100001000

1110001111
1101001101
0101111100
1111111100
0000000100
1001010000
0011011000
0000010101
0000111000
1100001000

1110001111
1101001101
0101111100
1111111110
0000000100
1001010000
0011011000
0000010111
0000011000
1100001000

1010001111
0101001101
0101111101
1111111111
0000000100
1001010000
0011011000
0000010111
0000011000
1100001000

1010001111
0101001101
0101111101
1111111111
1000000100
1000010000
0011011000
0000010111
0000011000
1100001000

1010001111
0101001101
0101111101
1111111111
1100000100
1000010000
0011011001
0000010111
0000011000
1100001000

1010001111
0001001101
0101111101
1111111111
1110000100
1000010000
0011011001
0000010111
0000011000
1100001000

1010001111
0001001101
0101111101
1111111011
1111000100
0000010000
0011011001
0000010111
0000011000
1100001000

1010001111
0001001101
0101111101
1111111011
1111100100
0000010000
0011011001
0000010111
0000011000
1100001000

1010001111
0001001101
0101111101
1111111011
1111110100
0000010000
0011011001
0000010111
0000001000
1000001000

1010001111
0001011101
0101111111
1111111011
1111111100
0000010000
0011011001
0000010111
0000001000
1000001000

1010001111
0001011101
0101111111
1111111011
1111111110
0000010000
0011010001
0000010111
0000001000
1000001000

1010001111
0001011101
0101111111
1111111011
1111111111
0000010000
0011010001
0000010111
0000001000
1000001000

1010001111
0001011111
0101111111
1111111011
1111111111
1000010000
0011010001
0000010111
0000001000
1000001000

1010001111
0001011111
0101111111
1111111011
1110111101
1100010101
0011010001
0000010111
0000001000
1000001000

1010001111
0001011111
0101111111
1111111011
1110111101
1110010101
0001010001
0000010111
0000011000
1000001000

1010001111
0001011111
0101111111
1111111011
1110111101
1111010101
0001010001
0000010111
0000011000
1000001000

1010001111
0001011111
0101111111
1111011011
1110111101
1111110101
0001010001
0000010111
0000011000
1000001000

1010001111
0001011111
0101111111
1111011011
1110111101
1111111111
0001010001
0000010111
0000011000
1000001000

1010001111
0011011111
0101111111
1111011011
1110111101
1111111111
1001010001
0000010111
0000011000
1000001000

1010001111
0011011111
0101111011
1111011011
1110111101
1111111111
1101010001
0000010111
0000011000
1000001000

1010001111
0011011111
0101111011
1111011011
1110111001
1111111111
1110010001
0000010111
0000011000
1000001000

1010001111
0011011111
0101111011
1111011011
1110111001
1111111111
1111010001
0000010111
0000011000
1010001000

1010101111
0011011111
0100111011
1111011011
1110111001
1111111111
1111110001
0000010111
0000011000
1010001000

1010101111
0011011111
0100111011
1111001011
1110111000
1111010111
1111111001
0000010111
0000011000
1010001000

1010101111
0011011111
0100111011
1111001011
1110111000
1111010111
1111111111
0000010111
0000011100
1010001000

1010101011
1011011111
0100111011
1111001011
1110111000
1111010111
1111111111
1000010111
0000011100
1010001000

1010101011
1011011111
0100111011
1111001011
1110111000
1111010111
1111111111
1100010111
0000011100
1010001000

1010101011
1011011111
0100111011
1111001011
1110111000
1111010011
1111111111
1111011111
0000011100
1010001000

1010101011
1011011111
0100111011
1111001011
1110111000
1111010011
1111111111
1111111111
0000011100
1010011010

1010101011
1011010111
0100111011
1111001010
1110111000
1111010011
1111111111
1111111111
1000011100
1010011010

1010101011
1011010111
0100111011
1111001010
1110111000
1101000011
1111111101
1111001111
1100011100
1010011010

1010101011
1011010111
0100111011
1111001010
1110111000
1101000011
1111111101
1111001111
1110011010
1010011010

1010101011
1011010111
0100111011
1111001010
1110111000
1101000011
1111111101
1111001111
1111011010
1010011010

1010101011
1011010111
0100111011
1111001010
1110111000
1101010010
1111111101
1111001111
1111111010
1010011010

1010101011
1011010111
0100111011
1111001010
1110111000
1101010010
1111111101
0111001111
1111111110
1010111010

1010101011
1001010111
0100111011
1111001010
1110111000
1101010010
1111111101
0111001111
1111111111
1010111010

1010101011
1001010111
0100111011
1111001010
1110111000
1101011010
1111111101
0111001111
1111111111
1110111010

1010101011
1001010111
0100111011
1111001010
1110111000
1101011010
1111111101
0111011111
1111111111
1111111010

1010101011
1001010110
0100111011
1111001010
1110111000
1101011010
1111111101
0111011111
1111111111
1111111110

1010101011
1001010110
0100111011
1111101011
1111111000
1101011010
1111111101
0111011111
1111111111
1111111111

1110101011
1001010110
0100111011
1111101011
1111111000
1101011010
1111111101
0111011111
1111111111
1111111111

1111101011
1001010110
0100111011
1111101011
1111111000
1101011010
1111111101
0111011111
1111111111
1101111101

1111111010
1001010110
0100111011
1111101011
1111111000
1101011010
1111111101
0111011111
1111111111
1101111101

1111111110
1001010110
0100111011
1111101011
1111111000
1101011010
1111111101
0111011111
1111111111
1101111101

1111111111
1001010110
0100111011
1111101011
1111111000
1101011010
1111111101
0011010111
1111111111
1101111101

1111111111
1101010110
0100111111
1111101011
1111111000
1101011010
1111111101
0011010111
1111111111
1101111101

1111111111
1111010110
0100111111
1111101011
0111111000
1100011010
1111111101
0011010111
1111111111
1101111101

1111111111
1111110110
0100111111
1111101011
0111111000
1100011010
1111101101
0011010111
1111111111
1101111101

1110111111
1110111111
0100111111
1111101011
0111111000
1100011010
1111101101
0011010111
1111111111
1101111101

1110111111
1110111111
1100111111
1111001011
0111111001
1100011010
1111101101
0011010111
1111111111
1101111101

1110111111
1110111111
1110111111
1111001011
0111111001
1100011010
1111101101
0011010011
1011111111
1101111101

1110101111
1110111111
1111111111
1111001011
0111111001
1100011010
1111101101
0011010011
1011111111
1101111101

1110101111
1110111111
1111111111
1111101011
0111111001
1100011010
1111101101
0011010011
1011111111
1101111101

1110101111
1110111111
1111111111
1111111011
0111111001
1100011010
1111101001
0011010011
1011111111
1101111101

1010101111
1110111111
1111111111
1111111111
0111111001
1100011010
1111101001
0011010011
1011111111
1101111001

1010101111
1110111111
1111111111
1111111111
1111111001
1100011010
1111101001
0011010011
1011111111
1101111001

1010101111
1110111111
1111111111
1111111111
1111111101
1100011010
1111101001
0011010011
1011111111
1101111001

1010101111
1110111111
1111111111
1111111111
1111111111
1100011010
1111101000
0011010011
1011101111
1101111001

1010101111
1110111111
1111111111
1111111111
1111111111
1110011010
1111101000
0011010011
1011101111
1101111001

1010101111
1110111111
1111111101
1111111111
1111111011
1111011010
1111101000
0011010011
1011101111
1101111001

1010101111
1110111111
1111111101
1111111111
1111111011
1111111110
1101101000
0011010001
1011101111
1101111001

1010001111
1110111111
1111111101
1111111111
1111111011
1111111111
1101101000
0011010001
1010101111
1101111011

1010001111
1110111111
1111111101
1111111111
1111111011
1111111111
1111101000
0011010001
1010101111
1101111011

1010001111
1110111111
1111111101
1111111111
1111111011
0011101111
1111111000
0011010001
1010101111
1101111011

1010001111
1110111111
1111111101
1111111111
1111111011
0011101111
1111111100
0011010001
0010100111
1101111011

1010001111
1110111111
1101111101
1111111111
1111111011
0011101111
1111111110
0011010001
0010100111
1101111011

1010001111
1110111111
1101111101
1111111111
1111111111
0011101111
1111111111
0011010001
0010100111
1101111011

1010001111
1110111111
1101111101
1111111111
1111111111
0011101111
0110111111
1011010001
0010100111
1101111011

1010001111
1100111111
1101111101
1111111111
1111111111
0011101111
0110111111
1111010001
0010100111
1101111011

1010001111
1100111101
1111111001
1111111111
1111111111
0011101111
0110111111
1111110001
0010100111
1101111011

1010001111
1100111101
1111111001
1111111111
1111111111
0011101111
0110111111
1111111001
0010100111
1101111011

1010001111
1100111101
1111111001
1111111111
1111111111
0011101111
0110111111
1111111111
0010100111
1101111011

1010001101
1100111111
1111111001
1111111111
1111111111
0011101111
0110111111
1111111111
1010100111
1101111011

1010001101
1100111111
1111111001
1111111111
1111111011
0011101111
0111111111
1111111111
1110100111
1101111011

1010001101
1100111111
1111111001
1111111111
1111111011
0011101111
0111111111
1101011111
1111100111
1101111011

1011001101
1100011111
1111111001
1111111111
1111111011
0011101111
0111111111
1101011111
1111110111
1101111011

1011001101
1100011111
1111111011
1111111111
1110111011
0111101111
0111111111
1101011111
1111111111
1101111011

1011001101
1100011111
1111111011
1111111111
1110111011
0111101111
0111111111
1101011111
1101111111
1111111011

1011001101
1100011111
1111111011
1111111111
1110111011
0111101111
0111111111
1101011111
1101111111
1111111111

1111001101
1100011111
0111111011
1111111111
1110111011
0111101111
0111111111
1101011111
1101111111
1111111111

1111101101
1100011111
0111111011
1111111111
1110111011
0111101111
0111111111
1001011111
1101111111
1111111111

1101111101
1100011111
0111111011
1111111111
1110111011
0111101111
0111111111
1001011111
1101111111
1111111111

1101111111
1010011111
0111011011
1101111111
1110111011
0111101111
0111111111
1001011111
1101111111
1111111111

1101111111
1110011111
0111011011
1101111111
1110101011
0111101111
0111111111
1001011111
1101111111
1111111111

1101111111
1111011111
0111011011
1101111111
1110101011
0111101111
0111111110
1001011111
1101111111
1111111111

1101111111
1111111111
0111011011
1101111111
1110101011
0111101111
0111111110
1001011111
1101111111
1111111111

1101111111
1111111111
1111011011
1101111111
1110101011
0111101111
0111111110
1001011111
1101111111
1111111111

1101111111
1111111111
1111111011
1101111111
1110101011
0111101101
0111111110
1001011111
1101111111
1111111111

1100111111
1011110111
1111111111
1101111111
1110101011
0111101101
0111111110
1001011111
1101111111
1111111111

1100111111
1011110111
1111111111
1111111110
1110101011
0111101101
0111111110
1001011111
1101111111
1111111111

1100111111
1011110111
1111111111
1111111111
1110101011
0111101101
0011111110
1001011011
1101111111
1111111111

1100111011
1011110111
1111111111
1111111111
1111101011
0111101101
0011111110
1001011011
1101111111
1111111111

1100111011
1011110101
1111111101
1110111111
1111111011
0111101101
0011111110
1001011011
1101111111
1111111111

1100111011
1011110101
1111111101
1110111111
1111111111
0110101111
0111111110
1011011011
1101111111
1111111111

1100111011
1011110101
1111111101
1110111111
1111111111
1110101111
0111111110
1011011011
1101111111
1011111111

1100011010
1011110101
1111111101
1110111111
1111111111
1111101111
0111111110
1011011011
1101111111
1011111111

1100011010
1011110101
1111111101
1110101111
1111111111
1111111111
0111111110
1011011011
1101111111
1011111111

1100011010
1011110101
1111111101
1110101111
1111111111
1111111111
1111111110
1011011011
1101111111
1011111111

1100011010
1011110101
0111111101
1110101111
1111111111
1111111111
1111111111
1011011011
1101111111
1011111111

1100011010
1011110101
0111111101
1110101111
1110011111
1111111111
1111111111
1111011011
1101111111
1011111111

1100011010
1011110101
0111111101
1110101111
1110011111
1111111111
1111111111
1111111011
1001111111
1011111111

1100011010
1011110101
0111111101
1110101111
1110011111
1111111111
1111111111
1111111111
1001111011
1011111111

1100011010
1011110101
0111111101
1110101111
1110011111
1111111111
1111111111
1111111111
1101111011
1011111111

1100011010
1011110101
0111111101
1110101111
1110011011
1011111111
0111111111
1111111111
1111111011
1011111111

1110011010
1011110101
0111111101
1110101111
1110011011
1011111111
0111111111
1111111101
1111111111
1011111111

1110011010
1011110101
0111111001
1110101111
1110011011
1011111111
0111111111
1111111101
1111111111
1111111111

1111011010
1011110101
0111111001
1110101011
1010011011
1001111111
0011111111
1111111101
1111111111
1111111111

1111111010
1011110101
0111111001
1110101011
1010011011
1001111111
0011111111
1111011101
1111111111
1111111111

1111111110
1011110101
0111111001
1110101011
1010011011
1001111111
0011111111
1111011101
1111111111
1111111101

1111111111
1011110101
0111111001
1110101011
1010011111
1001111111
0011111111
1111011101
1111111111
1111111101

1111111111
1111110101
0111111001
1110101011
1010011111
1001111111
0011111111
1110111111
1111111111
1111111101

1111111111
1111111101
0111111001
1110101011
1010011111
1001111111
0011111111
1110111111
1111111111
1111111100

1111111111
1111111111
0111111011
1110101010
1110011111
1001111111
0011111111
1110111111
1111111111
1111111100

1111111111
1111111111
1111111011
1110101010
1110011111
1001111111
1011111111
1110111111
1111111111
1111111100

1111111111
1111111111
1111111111
1110101010
1110011111
1001111111
1011111111
1110111111
1111111111
1111111100

1111111111
0111111110
1011111111
1111101010
1110011111
1001111111
1011111111
1110111111
1111111111
1111111100

1111111111
0111111110
1011111111
1111111010
1110011111
1001111111
1011111111
1110111111
1111111111
1111111100

1111111111
0111111110
1011111111
1111111110
1110011111
1001111111
1011111111
1110111111
1111111111
1111111110

1111111111
0111111100
1011110111
1111111111
1110011111
1001111111
1011111111
1110111111
1111111111
1111111110

1111111111
0111111100
1011110111
1111111111
1110011111
1001111111
1011111111
1110111111
1111111111
1111111110

1111111111
0111111100
1011110111
1111111111
1111011111
1001111111
1011111111
1110111111
1111111111
1111111110

1111111111
0111111100
1011110111
1111111111
1111111111
1001111111
1011111111
1110111111
1111111111
1111111110

1111111111
0111111100
1011111111
1111111101
1111111111
1101111111
1011111111
1110111111
1111111111
1111111110

1111111111
0111111100
1011111111
1111111101
1111111111
1111111111
1011111111
1110111011
1111111111
1111111110

1111111111
0111111100
1011111111
1111111101
1111111111
1111111111
1111111111
1110111011
1110011111
1111111110

1111111111
0111111100
1011111111
1011111101
1111111111
1111111111
1111111111
1111111011
1110011111
1111111110

1111111111
0111111100
1011111111
1011111101
1111111111
1111111111
1111111101
1111111111
1110011111
1111111110

1111111111
0111111100
1011111111
1011111101
1111111111
1111111111
1111111101
1111111111
1111001111
1111111110

1111111111
0111111100
1011111111
1011111101
1111111111
1111111111
1111111101
1111111111
1111101111
1111111110

1111111111
0111111100
1011111111
1011111101
1111111111
1111101011
1111111101
1111111111
1111111111
1111111110

1111111111
0111111100
1011111111
1011111101
1111111111
1111101011
1110111101
1111111111
1110111111
1111111111

1111111111
1111110110
1011111111
1011111101
1111111111
1111101011
1110111101
1111111111
1110111111
1101111111

1111111111
1111110111
1011111101
0011111101
1110111111
1111101011
1110111101
1111111111
1110111111
1101111111

1111111111
1111110111
1111111101
0011111101
1110111111
0111101011
1110111101
1111111111
1110111111
1101111111

1111111111
1111110111
1111111111
0011111101
1110111111
0111101011
1110111101
1111111111
1110111110
1101111111

1111111111
1111110111
1111101111
0011111101
1110111111
0111101011
1110111101
1111111111
1110111110
1101111111

1111111111
1111110111
1111101111
1011111101
0110011110
0111101011
1110101101
1111111111
1110111110
1101111111

1111111111
1111110111
1111101111
1111111101
0110011110
0111101011
1110101101
1111111111
1110110111
1100111111

1111111111
1110110111
1111101111
1111111111
0110011110
0111101011
1110101101
1111111111
1110110111
1100111111

1111111111
1110110111
1111101111
1110111111
1110011110
0110101011
1110101101
1111111111
1110110111
1100111111

1111111111
1110110111
1111101111
1110111111
1111011110
0110101011
1110101101
0101111011
1110110111
1100111111

1111111111
1010110111
1111101111
1110111111
1111111110
0110101011
1110101101
0101111011
1110110111
1100111111

1111111111
1010110111
1111101111
1110111111
1111111111
0110101011
1110101101
0101111011
1110110111
1100111111

1111111111
1010110111
1111101111
1110111111
1111111111
1111101011
1110101101
0101111011
1110110111
1100111111

1111111111
1010110111
1111101111
1110111111
1111111111
1111111011
1110101101
0101111011
1110110111
0100111111

1111111111
1000110111
1111101111
1110111111
1111111111
1111111111
1110101101
0101111011
1110110111
0100111111

1111111111
1000110111
1111101111
1110110111
1111111111
1111101111
1110101101
0101111011
1110110111
0100111111

1111111111
1000110111
1111101111
1110110111
1111111111
1111101111
1111101101
0101111011
1110110111
0100101111

1111111111
1110110111
1111101111
1110110111
1111111111
1111101111
1111111101
0101111011
1110110111
0100101111

1111111111
1110110111
1111101111
1110110111
1111111101
1111101111
1111111111
0101111011
1110110111
0100101111

1111111111
1110110111
1111101111
1110110111
1111111101
1111101111
1111111111
1101111011
1110110111
0100101111

1101111111
1110111111
1111101111
1110110111
1111111101
1111101111
1111111111
1111111011
1110110111
0100101111

1101111111
1110111111
1111101111
1111110111
1111111101
1111101111
1111111111
1111111111
1110110111
0100101111

1101111111
1110111111
1111101111
1111110111
1111111101
1111101111
1111111111
1111111111
1111110111
0100101111

1101111111
1110111111
1111101111
1111110111
1111111101
1111101111
1111111111
1111111111
1011111111
0100111110

1101111111
1110111111
1111101111
1111110111
1111111101
1111101111
1111111111
1111111111
1011111111
1100111110

1101111111
1110111111
1111101111
1111110111
1111111101
1111101111
1111111111
1111111111
1011111111
1110111110

1101111111
1110111111
1111101111
1111110111
1111111101
1111101111
1111111011
1111111111
1011111111
1111111110

1101011111
1110111111
1111101111
1111110111
1111111101
1111101111
1111111011
1111111111
1011111111
1111111111

1111011111
1110111111
1111101111
1111100111
1111111101
1111101111
1111111011
1111111111
1011111111
1111111111

1111111111
1110111111
1111101111
1111100111
1111111101
1111101111
1111110011
1111111111
0011111111
1111111111

1111111111
1111111111
1111101111
1111100111
1111111101
1111101111
1111110011
1111111111
0011111111
1111111111

1111111111
1111111111
1111111101
1101100111
1111111101
1111101111
1111110011
1111111111
0011111111
1111111111

1111111111
1111111111
1111111111
1101100111
1111111101
1101101111
1111110011
1111011111
0011111111
1111111111

1111111111
1111111111
1111111111
1111100111
1111111101
1101101111
1111110011
1111011111
0111111111
1111111111

1111111111
1111111111
1111111111
1111110101
1111111101
1101101111
1111110011
1111011111
0111111111
1111111111

1111111111
1111111111
1111111111
1111111101
1111111101
1101101111
1110110011
1111011111
0111111111
1111111111

1111111111
1111111111
1111111111
1111111111
1111111101
1101101111
1110110010
1111011111
0111111111
1111111111

1111111010
1111111110
0111111111
1111111111
1111111111
1101101111
1110110010
1111011111
0111111111
1111111111

1111111010
1111111110
0111111111
1111101111
1111111111
1101111111
1110110010
1111011111
0111111111
1111111111

1111111010
1111111110
0111111111
1111101111
1111111111
1111111111
1110110010
1111011111
0111111111
1111111111

1111011010
1111111110
0111111111
1111101111
1111111111
1111111111
1111110010
1111011111
0111111111
1111111111

1111011010
1111111110
0101101111
1111101111
1111111111
1111111111
1111111010
1111011111
0111111111
1111111111

1111011010
1111111110
0101101111
1111101111
1111111111
1111111111
1111111110
1111011111
0111111111
1111111111

1111011010
1111111110
0101101111
1111101111
1111111111
1111111111
1111111111
1111011111
0111101111
1111111011

1111011010
1111111110
0100101111
1111101111
1111111111
1111111111
1111111111
1111111111
0111101111
1111111011

1111011010
1111111110
0100101111
1111101110
1111111110
1111111101
1111111111
1111111111
1111101111
1111111011

1111011010
1111111110
0100101111
1111101110
1111111110
1111111101
1111111111
1111111111
1111111111
1111111011

1111011110
1111101110
0100101111
1111101110
1111111110
1111111101
1111111111
1111111111
1111111111
1111111110

1111011110
1111101110
0100101111
1111101110
1111111110
1111111101
1111111111
1111111111
1111111111
1111111111

1111111110
1111101110
0100101111
1111101110
1111111110
1111111101
1111011101
1111111111
1111111111
1111111111

1111111110
1011101110
0100101111
1111101110
1111111110
1111111101
1111011101
1111111111
1111111111
1111111111

1111111111
1011101110
0100101111
1111101110
1111111110
1111111101
1111011101
1111111111
1111111111
1111111111

1111111111
1111101110
0100101111
1111101110
1111111110
1111111101
1111011101
1111111111
1111111111
1111111111

1111111111
1111111110
0100101111
1111101110
1111111110
1111111101
1111011101
1111111111
1111111111
1111111111

1111111111
1111111111
0100101111
1111101110
1111111110
1111111101
1111011101
1111111111
1111111111
1111111111

1111111111
1111111111
1100101111
1111101110
1111111110
1111111101
1111011101
1111111111
1111111111
1111111111

1111111111
1111111111
1110101111
1111101110
1111111110
1111111101
1111011101
1111111110
1111111111
1111111111

1111111111
1111011111
1111101111
1111101110
1111111110
1111111101
1111011101
1111111110
1111111111
1111111111

1111111111
1111011111
1111111111
1111101110
1111111110
1111111101
1111011101
1111111110
1111111111
1111111111

1111111111
1111011111
1111111111
1111111110
1111111110
1111111101
1111011101
1111111110
1111011111
1111111111

1011111111
1111011111
1111111111
1111111111
1111111110
1111111101
1111011101
1111111110
1111010111
1111111111

1011111111
1111011111
1101111111
1111111111
1111111111
1111111101
1111011101
1111111110
1111010111
1111111111

1011111111
1111011111
1101111111
1111111111
1111111111
1111111111
1111011101
1110111110
1111010111
1111111111

1011111111
1111011111
1101111111
1111111111
1111111111
1111111111
1111111101
1110111110
0111000111
1111111111

1011111111
1111011111
1101110111
1111111111
1111111111
1111111111
1111111111
1110111110
0111000111
1111111111

1011111111
1111011111
1101110111
1111111111
1110111111
1111111111
1111111111
1111111110
0111000111
1111111111

1011111111
1111011111
1101110111
1111111111
1110111111
1111111111
1111111111
1101111111
0111100111
1111111111

1011111111
1111011111
1101110111
1111111111
1110111111
1111111111
1111111111
1101111111
1111100111
1111111111

1011111111
1111011111
1101110111
1111111111
1100111111
1111111111
1111111111
1101111111
1111110111
1111111111

1011111111
1111011111
1101110111
1111111111
1100111111
1111111111
1111101111
1101111111
1111111111
1111111111

0011111111
1101011111
1101110111
1111111111
1100111111
1111111111
1111101111
1101111111
1111111111
1111111111

1011111111
1101011111
1001110110
1111111011
1100111111
1111111111
1111101111
1101111111
1111111111
1111111111

1111111111
1101011111
1001110110
1111111011
1100110111
1111111011
1111101111
1101111111
1111111111
1111111111

1111111111
1111011111
1001110110
1111111011
1100110111
1111111011
1111101111
1101011111
1111111111
1111111111

1111111111
1111111111
1100110100
1111111011
1100110111
1111111011
1111101111
1101011111
1111111111
1111111111

1111111111
1111111111
1110110100
1111111011
1100110111
1111111011
1111101111
1101011111
1111111111
1111111111

1111111111
1111111111
1111110100
1111111011
1100110111
1111111011
1111101111
1101011111
1111111111
1111111111

1111111111
1111111111
1111111100
1111111011
1100110111
1111111011
1111101111
1101011111
1111111111
1111111111

1111111111
1111111111
1111111110
1111111011
1000110111
1111111011
1111101111
1101011111
1111111111
1111111111

1111111111
1111111111
1111111111
1111111011
1000110111
1111111111
1111101111
1101000111
1111111111
1111111111

1111111111
1111111111
1111111111
1111111111
1000110111
1111111111
1111101111
1101000111
1111111111
1111111111

1111111111
1111111111
1111111111
1111111111
1100110111
1111111111
1111101111
1101000111
1111111111
1111111111

1111111111
1111111111
1111111111
1111111111
1110110111
1111111111
1111101111
1101000111
1111111111
1111111111

1111111111
1111111111
1111111111
1111111111
1111110111
1111111111
1111101111
1100000111
1111111111
1111101101

1110111111
1111111111
1111111111
1111111111
1111111111
1111111111
1111101111
1100000111
1111111111
1111101101

1110111111
1111111111
1111111111
1111111111
1111111111
1111111111
1111111111
1100000111
1111111111
1111101101

1110111111
1111111111
1111111111
1111111111
1111111111
1111111101
1111111111
1100000111
1111111111
1111101101

1110111111
0111111111
1111111111
1111111111
1111111111
1111111101
1111111111
1110000111
1111111111
1111101101

1110111111
0111111111
1111111111
1111111111
1111111111
1111111101
1111111111
1111000111
1111111111
1111101101

1110111111
0111111111
1111111111
1111111111
1111111111
1111111101
1111111111
1111100111
1111111111
1111101101

1110111111
0111111111
1111111111
1111111111
1111111111
1111111101
1111111111
1111110111
1111111101
1111101101

1110111111
0111111111
1111111110
1111111111
1111111111
1111111101
1111111111
1111111111
1111111101
1111101101

1110111111
0111111111
1111111110
1111111110
1100111111
1101111111
1111111111
1111111111
1111111111
1111101101

1110111111
0111111111
1111111110
1111111110
1100111111
1101111111
1111111111
1001111111
1111111111
1111111101

1110111111
0111111111
1111111110
1111111110
1100111111
1101111111
1111111111
1001111111
1111111111
1111101111

1111111111
0111111111
1111111110
1110111010
1100111111
1101111111
1111111111
1001111111
1111111111
1111101111

1111111111
1111111111
1111111110
1110111010
1100111111
1101111111
1111111111
1001111111
1111111111
1111101111

1111111111
1111111111
1111111111
1110111010
1100111111
1101111111
1111111111
1001111111
1111111111
1111101111

1111111111
1111111111
1111011111
1111111010
1100111111
1101111111
1111111111
1001111111
1111111111
1111101111

1111111111
1111111111
1111011111
1111111110
1100111111
1101111111
1111111111
1001111111
1111111111
1111101111

1111111111
1111111111
1111011111
1111111111
1100111111
1101111111
1111111111
1001111111
1111111111
1101101111

1111111111
1111111011
1111011111
1100110111
1110111111
1101111111
1111111111
1001111111
1111111111
1101101111

1111111111
1111111011
1111011111
1100110111
1111111111
1001111101
1111111111
1001111111
1111111111
1101101111

1111111111
1111111011
1111011111
1100110111
1111111111
1101111101
1111111101
1001111111
1111111111
1111101111

1111111111
0111111011
1111011111
1100110111
1111111111
1111111101
1111111101
1001111111
1111111111
1111101111

1111111111
0111111011
1111011111
1100110111
1111111111
1111111111
1111111101
1001111111
1111111111
1111101111

1111111111
0111111011
1111011111
1100110111
1111111111
1111111111
1111111111
1001111111
1111111111
1111101111

1111111111
0111111011
1111011111
1100110111
1111111111
1111111111
1111111111
1101111111
1111111111
1111100111

1111111111
0111111011
1111011111
1100110111
1111111111
1111111111
1111111111
1111111111
1111111111
1111100111

1111111111
0111111011
1111011111
1100110111
1111111111
1110111101
1111111111
1111111111
1111111111
1111110111

1111111111
0111111011
1111011111
1100110111
1111111111
1110111101
1111111111
1111111111
1111111111
1111111111

1111111111
1110111011
1111111111
1000110111
1111111111
1110111101
1111111111
1111111111
1111111111
1111111111

1111111111
1111111011
1111111111
1000100111
1111111011
1110111101
1111111111
1111111111
1111111111
1111111111

1111111111
1111111111
1111111111
1000100111
1111111011
1110111101
1111111111
1111101111
1111111111
1111111111

1011011111
1111111111
1111111111
1100100111
1111111011
1110111101
1111111111
1111101111
1111111111
1111110111

1011011111
1111111111
1111111111
0010100111
1111111011
1110111101
1111111111
1111101111
1111111111
1111110111

1011011111
1111111111
1111111111
0011100111
1111111011
1110110001
1111111110
1111100011
1111111111
1111110111

1011011111
1111111111
1111111111
0011110111
1111111011
1110110001
1111111110
1111100011
1101111111
1101100111

1011011111
1111111111
1111111111
0011111111
1011111011
1110110001
1111111110
1111100011
1101111111
1101100111

1011011111
1111111111
1111111111
0011111111
1101011011
1110100001
1101111110
1111100011
1101111111
1101100111

1011011111
1111111111
1111111111
0011111111
1111011011
1110100001
1101111110
1111101011
1101111111
1101100111

1011011101
1111111111
1111110111
0011111111
1111111011
1110100001
1101111110
1111101011
1101111111
1101100111

1011011101
1111111111
1111110111
0011111111
1111111111
1110100001
1101111110
1111101011
1101111111
1101100111

1011011101
1111111111
1111110111
0011111111
1111111111
1111100001
1101111110
1111101011
1001111111
1101100111

1011011101
1011111011
1111110111
0011111111
1111111111
1111110001
1101111110
1111101011
1001111111
1101100111

1011011101
1011111011
1111110110
0011111111
1111111111
1111111001
1101111110
1111101011
1001111111
1101100111

1011011101
1011111011
1111110110
0011111111
1111111111
1111111101
1101111100
1111101011
1101111111
1101100111

1011011101
1011111011
1111110110
0011111111
1111111111
1111111111
1101111100
1111101011
1101111111
1101100101

1011011101
1011111011
1111110100
0011111111
1111111111
1111111111
1111111100
1111101011
1101111111
1101100101

1011011101
1011111011
1111110100
0011111111
1111111111
1101111111
1111111100
1111101011
1101111111
1101100101

1011011101
1011111011
1111110100
0011111111
1111111111
1101111111
1111111101
1101111011
1101111110
1101100101

1011011101
1010111011
1111110100
0011111111
1111111111
1101111111
1111111101
1111111011
1101111110
1101100101

1011011101
1010111011
1111110100
0011111111
1011111111
1101111011
1111111101
1111111111
1101111110
1101100101

1011011101
1010111011
1111110100
0011111111
1011111111
1101111011
1111111101
1111011011
0101111110
1101100101

1011011101
1010111011
1111110100
0011111111
1011111111
1101111011
1111111101
1111011011
1101111110
1101000101

1011011101
1010111011
1111110100
0011111111
1011111111
1101111011
1111111101
1111011011
1111111110
1101000101

1011011101
1010111011
1111110100
0011111111
1011111111
1101111011
1111111101
1111011010
1111111111
1101000101

0111011101
1010111011
1111110100
0011111111
1011111111
1101111011
1111111101
1111011010
1111111111
1111010101

0111011101
1010111011
1111110100
0011111111
1011111111
1101111011
1111111101
1111011010
1111111111
1111110101

0111011101
1010111011
1111110100
0011111111
1011111111
1001111011
1111111101
1111011010
1111111111
1111111101

0011011101
1010111011
1111110100
0011111111
1011111111
1001111011
1111111101
1111011010
1111111111
1111111111

1011011101
1010111011
1111110100
0011111111
1011111111
1001111011
1111111101
1111011010
1111111111
1111111111

1111011101
1010111011
1111110100
0011111011
1011111111
1001111011
1111111101
1111011010
1111111111
1111111111

1111111101
1010111011
1111110100
0011111011
1011111111
1001111011
1111111100
1111011010
1101111111
1111111111

1111011111
1011111011
1111110100
0011111011
1011111111
1001111011
1111111100
1111011010
1101111111
1111111111

1111011111
1111111011
1110010100
0011111011
0011111111
1001111011
1111111100
1111011010
1101111111
1111111111

1111011111
1111111111
1110010100
0011111011
0011111111
1001111011
1111111100
1111011010
1101111111
1111111111

1111011111
1111111111
1111010100
0011111011
0011111111
1001111011
1111111100
1111011010
1101111111
1111111111

1111011111
1111111111
1111110100
0011110011
0011111111
1001111011
1111111100
1111011010
1101111111
1111111111

1111011111
1111111111
1111111100
0011110011
0011101111
1001111011
1111111100
1101011010
1101111111
1111111111

1111011111
1111111111
1111111110
0011110011
0011101111
1001111011
1111111100
1101011010
1101111111
1111111111

1111111111
1111111111
1111110111
0011110011
0011101111
1001111011
1111111100
1101011010
1101111111
1111111111

1111111111
1111111111
1111110111
1010010111
0010101111
1001011011
1111111100
1101011010
1101111111
1111111111

1111111111
1111111111
1111110111
1110010111
0010101111
1001011011
1111111101
1101011010
1101111111
1111111111

1111101111
1011111111
1111010111
1111010111
0010101111
1001011011
1111111101
1101011010
1101111111
1111111111

1111101111
1011111111
1111010110
1111110111
0010101110
1001011011
1111111101
1101011010
1101111111
1111111111

1111101111
1011111111
1111010110
1111111111
0010101110
1001011011
1111111101
1101011010
1101111111
1111111111

1111101111
1011111111
1111010110
1111111111
1010101110
1001011011
1111111101
1101011010
1101111111
1101111011

1111101111
1011111111
1111010110
1111111111
0110101110
1001011011
1111111101
1101011010
1101111111
1101111011

1111101111
1011111111
1111010110
1111111111
0111101110
1001011011
1111111101
1101011010
1101111111
1101111011

1111101111
1011111111
1111010110
1111111111
0111111110
1001011011
1111111101
1101011010
1101111111
1101111011

1111101111
1011111111
1111010110
1111111111
0111111111
1001011011
1111111101
1101011010
1101111111
1101111011

1111101111
1011111111
1111010110
1111111111
0111111111
1101010111
1111111101
1101011010
1101111111
1101111011

1111101111
1011111111
1111010110
1111111111
0111111111
1111010111
1111100101
1101011010
1101111101
1101111011

1111100111
1011111110
1111010110
1111111111
0111111111
1111110111
1111100101
1101011010
1101111101
1101111011

1111100111
1011111110
1111000110
1111011111
0011111111
1111111111
1111100101
1101011010
1101111101
1101111011

1111100111
1011111110
1111000110
1111011111
0011111111
1111111111
1111110101
1101011010
0101111101
1101111011

1111100101
1011111110
1111000110
1111011111
0011111111
1111111111
1111111101
1101011010
0101111101
1101110001

1111100101
1011111110
1110000110
1111011111
0011111111
1111111111
1111111111
1101011010
0101111101
1101110001

1111100101
1011111110
1110000110
1111011111
0011111111
1111111111
1111100111
1111011010
0101111101
1101110001

1111100101
1011111110
1110000110
1111011111
0011111111
1111111111
1111100111
1111111110
0101111101
0101110111

1111100111
1011110110
1111000110
1111011111
0011111111
1111111111
1111100111
1111111111
0101111101
0101110111

1111100111
1011110110
1111000110
1111011111
0011111111
1111111111
1111100111
1111111111
1101111101
0101110111

1111100111
1011110110
1111000110
1111011111
0011111111
1111111111
1111100111
1111111111
1111111101
0101110111

1111100111
1001010110
1111000110
1111011111
0011111111
1111111111
1111100111
1111111111
1111111111
0101111111

1111100111
1001010110
1111001110
1111011111
0010111110
0111111111
1111100111
1111111111
1111111111
1101111111

1111100111
1001010110
1111001110
1111011111
0010111110
0111111110
1111100111
1111011111
1111111111
1111111111

1111100111
1001010110
1111001110
1111011111
0010111110
0111111110
1111100111
1111011111
1111111111
1111111111

1111110111
1001010110
1101001110
1111011101
0010111110
0111111110
1111100111
1111011111
1111111111
1111111111

1111111111
1001010110
1101001110
1111011101
0010111110
0111111010
1111100111
1011010111
1111111111
1111111111

1111111111
1101010110
1101001110
1111011101
0010111110
0111111010
1111100111
1011010111
1111111111
1111111011

1111111111
1111010110
1001001100
1111011101
0010111110
0111111010
1111100111
1011010111
1111111111
1111111011

1111111111
1111110110
1001001100
1111011101
0010111110
0111111010
1111100111
1011010111
1111111111
1111111011

1111111111
1111111110
1001001100
1111011101
0010111110
0111111010
1111100111
1011010111
1111111110
1100111011

0011111111
1111110111
1001001100
1111011101
0010111110
0111111010
1111100111
1011010111
1111111110
1100111011

0011111111
1111110111
1101001101
1111011101
0010111100
1111111010
1111100111
1011010111
1111111110
1100111011

0011111111
1111110111
1111001101
1111011101
0010111100
1111111010
0111100111
1011010111
1111111110
1100111011

0011111111
1111110111
1111101101
1111011101
0010111100
1111111010
0111100111
1011010111
1111111100
1100111011

0011111111
1111110111
1100111111
1111011101
0010111100
1111111010
0111100111
1011010111
1111111100
1100111011

0011111111
1111110111
1100111111
1111111101
0010111100
1111111010
0111100111
1011011111
1111111100
1100111011

0011111111
1111110111
1100111111
1111111111
0010111100
1111111010
0111100111
1011011111
1111111100
1100111010

0011110111
1111110111
1100111111
1111111111
1010111100
1111111010
0111100111
1011011111
1111111100
1100111010

0011110111
1111110111
1100111111
1111111111
0110111100
1111111010
0111100111
1011011111
1111111100
1100111010

0011110111
1111110111
1100111111
1111111111
0111111100
1111111010
0111100110
1011010111
1111111100
1100111010

0011110111
1111100111
1000111111
1111111111
0111111110
1111111010
0111100110
1011010111
1111111100
1100111010

0011110111
1111100111
1000111111
0111111101
0111111110
1111111010
0111100110
1011010111
1111111100
1100111010

0011110111
1111100111
1000111111
0111111101
0111111110
1111111110
0111100110
1001010111
1111111100
1100111010

0011110111
1111100111
1000111111
0111111101
0111111110
1111111111
0111100110
1001010111
1111110101
1100011011

0011110111
1111100111
1000111011
0111111101
0111111110
1111111111
1111100110
1001010111
1111110101
1100011011

0011110111
1111100111
1000111011
0111111101
0111111111
1111111111
1111111110
1001010111
1111110101
1100011011

0011110111
1111100111
1000111011
0111111101
0111111111
1111111111
1111111111
1000010111
1111110101
1100011011

0010110111
1111100110
1000111011
0111111101
0111111111
1111111111
1111111111
1100010111
1111110101
1100011011

0010110111
1111100110
1000111011
0111111100
0111111110
1111111111
1111111111
1110010111
1111110101
1100011011

0010110111
1111100110
1000111011
0111111100
0111111110
1111111111
1110011111
1111110111
1111110101
1100011011

0010110111
1111110110
1000111011
0111111100
0111111110
1111111111
1110011111
1111111111
1111110101
1100011011

0010110111
1111110110
1000111011
0011011100
0111111110
1111111111
1110011111
1111111111
1111111101
1100011011

0010110111
1111110110
1000111011
0011011100
0111111110
1111111111
1110011111
1111110111
1111111111
1100011011

0010110111
1111110110
1000111011
0011011100
0111111110
1111111111
1110011111
1111110111
1111111111
1110111011

0010110111
1111110110
0000111011
0011011100
0111111110
1111111111
1110011111
1111110111
1111111111
1111111011

0010110111
1111110110
0000111011
0011011100
1111111110
1111111111
1110011111
1111110111
1111111111
1111111111

1010110111
1111110110
0000111011
0011011100
1111111110
1111111111
1110011111
1011010111
1111111110
1111111111

1110110111
1111110100
1000110011
0011011100
1111111110
1111111111
1110011111
1011010111
1111111110
1111111111

1111110111
1111110100
1000110011
0011011100
1101111110
1111111111
1110011111
1011010111
1111111110
1111111111

1111111111
1111110100
1000110011
0011011100
1101111110
1111111111
1110011101
0011010111
1111111110
1111111111

1111111111
1111111100
1000110011
0011011100
1101111110
1111111111
1110011101
0011010111
1111111110
1111011111

1111111111
1111111110
1000110011
0011011100
1101111110
1111111111
1110011101
0011010111
1111111110
1111011111

1111111111
1111111111
1000110011
0011011100
1101111110
1111111111
0110011101
0011010111
1111111110
1111011111

0111111111
1111111111
1100110011
0011011100
1101111110
1111111111
0110011101
0011010111
1111111110
1111011111

0111111111
1111111111
1110110011
0010011100
1101111110
1111111111
0110011101
0011010111
1111111110
1111011111

0111111111
1111111111
1111110011
0010011100
1101111110
1111111111
0110011101
0011010111
1111111110
1111011111

0111111111
1111111111
1111111011
0010011100
1101111110
1111111111
0110011101
0011000101
1111111110
1111011111

0111111111
1101111111
1111111111
0010011100
1101111110
1111111111
0110011101
0011000101
1111111110
1111011111

0111111111
1101111111
1111111111
1010011100
1101111110
1111111110
0110011101
0011000101
1111111110
1111011111

0111111111
1101111111
1111111111
1110011100
1101111110
1111111110
0110011101
0011000101
1111111110
1111011111

0111111111
1101111110
1111111111
1111011100
1101111110
1111111110
0110011101
0011000101
1111111110
1111011111

0111111111
1101111110
1111111111
1111111110
1101111110
1111111110
0110011101
0011000101
1111111110
1111011111

0111111111
1101111110
1111111111
1111111111
1101111110
1111111110
0110011101
0011000101
1111111110
1111011111

0111111111
1101111110
1111111111
1111111111
1111111110
1111111110
0110011101
0011000101
1111111110
1111011111

0111111111
1101111100
1111110111
1110111111
1011111111
1111111110
0110011101
0011000101
1111111110
1111011111

0111111111
1101111100
1111110111
1110111111
1011111111
1111111111
0110011111
0011000101
1111111110
1111011111

0101111111
1101111100
1111110111
1110111111
1011111111
1111111111
1110011111
0011000101
1111111110
1111011111

0101111111
1101111100
1111110111
1110111111
1011111111
1111111111
1111011111
0011000101
1111111110
1111011111

0101111111
1101111100
1111110111
1110111111
1011111101
1111111111
1011111111
0011000101
1111111110
1111011111

0101111111
1101111100
1111110111
1110111111
1011111101
1111111111
1011111111
1011000101
1111111110
1111111111

0101111111
1001111100
1111110111
1110111111
1011111101
1111111111
1011111111
1111000101
1111111110
1111111111

0101111111
1001111100
1111110111
1110110111
1011111101
1111111111
1011111111
1111100101
1111111110
1111111111

0101111111
1001111100
1111110111
1110110111
1011111101
1111111111
1011111111
1111110101
1111011110
1111111111

0101111111
1001111100
1111110111
1110110111
1011111101
1111111111
1011111111
1111111101
1111011110
1111111111

0101111111
1001111101
1011110111
1110110111
1011101101
1111111111
1011111111
1111111111
1111011110
1111111111

0101111111
1001111101
1011110111
1110110111
1011101101
1011111110
1111111111
1111111111
1111111110
1111111111

0101111111
1001111101
1011110111
1110110111
1011101101
1011111110
1111111111
1111111111
1111111111
0110111111

0101111111
1000111111
1011110111
1110110111
1011101101
1011111110
1111111111
1111111111
1111111111
1110111111

0101111111
1000111111
1011110111
1110110011
1011101101
1011111111
1111111111
1111111111
1111111111
1111111111

1101111111
1000111111
1011110111
1110110011
1011101101
1011111111
1111111111
1111111111
1111111111
1011111111

1111111111
1000111111
0011110111
1110110011
1011101101
1011111111
1111111111
1111111111
1111111111
1011111111

1111111111
1100111111
0011110111
1110010011
1011101101
1011111111
1111111111
1111111111
1111111111
1011111111

1111111111
1110111111
0011110111
1110010011
1011101101
1011111111
1101111111
0111111110
1011011111
1011111111

1111111111
1111011111
0011110111
1110010011
1011101101
1011111111
1101111111
0111111110
1011011111
1011111111

1111111111
1111111111
0011110111
1110010011
1010101101
1011111111
1101111111
0111111110
1011011111
1011111111

1111111111
1111111111
1011110111
1110010011
1010101101
1011111111
1101111111
0111111110
1011011111
1011111111

1111111111
1111111111
1111110111
1110010011
1010101101
1011111111
1101111111
0111111110
1011011111
1011111111

1111111111
1111111111
1111111111
1110010011
1010101101
1011111111
1101111111
0111111110
1011011111
1011111111

1111111111
1111111111
1111111111
1111010011
1011101111
1011111111
1101111111
0111111110
1011011111
1011111111
